nsec, read_slat_ns_count, read_slat_ns_cumulative, read_slat_ns_percentile, read_clat_ns_count, read_clat_ns_cumulative, read_clat_ns_percentile, read_lat_ns_count, read_lat_ns_cumulative, read_lat_ns_percentile, write_slat_ns_count, write_slat_ns_cumulative, write_slat_ns_percentile, write_clat_ns_count, write_clat_ns_cumulative, write_clat_ns_percentile, write_lat_ns_count, write_lat_ns_cumulative, write_lat_ns_percentile, trim_slat_ns_count, trim_slat_ns_cumulative, trim_slat_ns_percentile, trim_clat_ns_count, trim_clat_ns_cumulative, trim_clat_ns_percentile, trim_lat_ns_count, trim_lat_ns_cumulative, trim_lat_ns_percentile, 
387072, , , , 2, 2, 3.0517578125e-06, , , , , , , , , , , , , , , , , , , , , , 
391168, , , , 1, 3, 4.57763671875e-06, , , , , , , , , , , , , , , , , , , , , , 
395264, , , , 1, 4, 6.103515625e-06, , , , , , , , , , , , , , , , , , , , , , 
399360, , , , 2, 6, 9.1552734375e-06, , , , , , , , , , , , , , , , , , , , , , 
423936, , , , 1, 7, 1.068115234375e-05, , , , , , , , , , , , , , , , , , , , , , 
428032, , , , 4, 11, 1.678466796875e-05, , , , , , , , , , , , , , , , , , , , , , 
432128, , , , 1, 12, 1.8310546875e-05, , , , , , , , , , , , , , , , , , , , , , 
448512, , , , 4, 16, 2.44140625e-05, , , , , , , , , , , , , , , , , , , , , , 
456704, , , , 1, 17, 2.593994140625e-05, , , , , , , , , , , , , , , , , , , , , , 
460800, , , , 2, 19, 2.899169921875e-05, , , , , , , , , , , , , , , , , , , , , , 
481280, , , , 2, 21, 3.204345703125e-05, , , , , , , , , , , , , , , , , , , , , , 
497664, , , , 1, 22, 3.35693359375e-05, , , , , , , , , , , , , , , , , , , , , , 
569344, , , , 3, 25, 3.814697265625e-05, , , , , , , , , , , , , , , , , , , , , , 
700416, , , , 1, 26, 3.96728515625e-05, , , , , , , , , , , , , , , , , , , , , , 
741376, , , , 1, 27, 4.119873046875e-05, , , , , , , , , , , , , , , , , , , , , , 
2736128, , , , 1, 28, 4.2724609375e-05, , , , , , , , , , , , , , , , , , , , , , 
5144576, , , , 27, 55, 8.392333984375e-05, , , , , , , , , , , , , , , , , , , , , , 
5341184, , , , 2, 57, 8.697509765625e-05, , , , , , , , , , , , , , , , , , , , , , 
7372800, , , , 20, 77, 0.00011749267578125, , , , , , , , , , , , , , , , , , , , , , 
28180480, , , , 8, 85, 0.00012969970703125, , , , , , , , , , , , , , , , , , , , , , 
28442624, , , , 103, 188, 0.000286865234375, , , , , , , , , , , , , , , , , , , , , , 
28704768, , , , 11, 199, 0.00030364990234375, , , , , , , , , , , , , , , , , , , , , , 
29229056, , , , 7, 206, 0.0003143310546875, , , , , , , , , , , , , , , , , , , , , , 
29491200, , , , 8, 214, 0.0003265380859375, , , , , , , , , , , , , , , , , , , , , , 
29753344, , , , 11, 225, 0.00034332275390625, , , , , , , , , , , , , , , , , , , , , , 
30015488, , , , 14, 239, 0.00036468505859375, , , , , , , , , , , , , , , , , , , , , , 
30277632, , , , 13, 252, 0.000384521484375, , , , , , , , , , , , , , , , , , , , , , 
30539776, , , , 14, 266, 0.0004058837890625, , , , , , , , , , , , , , , , , , , , , , 
30801920, , , , 4, 270, 0.0004119873046875, , , , , , , , , , , , , , , , , , , , , , 
31064064, , , , 19, 289, 0.00044097900390625, , , , , , , , , , , , , , , , , , , , , , 
31326208, , , , 143, 432, 0.0006591796875, , , , , , , , , , , , , , , , , , , , , , 
31588352, , , , 2604, 3036, 0.004632568359375, , , , , , , , , , , , , , , , , , , , , , 
31850496, , , , 10285, 13321, 0.02032623291015625, , , , , , , , , , , , , , , , , , , , , , 
32112640, , , , 26307, 39628, 0.060467529296875, , , , , , , , , , , , , , , , , , , , , , 
32374784, , , , 57573, 97201, 0.14831695556640626, , , , , , , , , , , , , , , , , , , , , , 
32636928, , , , 95920, 193121, 0.29467926025390623, , , , , , , , , , , , , , , , , , , , , , 
32899072, , , , 122667, 315788, 0.481854248046875, , , , , , , , , , , , , , , , , , , , , , 
33161216, , , , 125698, 441486, 0.6736541748046875, , , , , , , , , , , , , , , , , , , , , , 
33423360, , , , 92192, 533678, 0.8143280029296875, , , , , , , , , , , , , , , , , , , , , , 
33816576, , , , 72393, 606071, 0.9247909545898437, , , , , , , , , , , , , , , , , , , , , , 
34340864, , , , 19233, 625304, 0.95413818359375, , , , , , , , , , , , , , , , , , , , , , 
34865152, , , , 7753, 633057, 0.9659683227539062, , , , , , , , , , , , , , , , , , , , , , 
35389440, , , , 6924, 639981, 0.9765335083007812, , , , , , , , , , , , , , , , , , , , , , 
35913728, , , , 5342, 645323, 0.9846847534179688, , , , , , , , , , , , , , , , , , , , , , 
36438016, , , , 3995, 649318, 0.9907806396484375, , , , , , , , , , , , , , , , , , , , , , 
36962304, , , , 1703, 651021, 0.9933792114257812, , , , , , , , , , , , , , , , , , , , , , 
37486592, , , , 872, 651893, 0.9947097778320313, , , , , , , , , , , , , , , , , , , , , , 
38010880, , , , 711, 652604, 0.995794677734375, , , , , , , , , , , , , , , , , , , , , , 
38535168, , , , 825, 653429, 0.9970535278320313, , , , , , , , , , , , , , , , , , , , , , 
39059456, , , , 636, 654065, 0.9980239868164062, , , , , , , , , , , , , , , , , , , , , , 
39583744, , , , 208, 654273, 0.9983413696289063, , , , , , , , , , , , , , , , , , , , , , 
40108032, , , , 106, 654379, 0.9985031127929688, , , , , , , , , , , , , , , , , , , , , , 
40632320, , , , 334, 654713, 0.9990127563476563, , , , , , , , , , , , , , , , , , , , , , 
41156608, , , , 157, 654870, 0.9992523193359375, , , , , , , , , , , , , , , , , , , , , , 
41680896, , , , 204, 655074, 0.9995635986328125, , , , , , , , , , , , , , , , , , , , , , 
42205184, , , , 8, 655082, 0.9995758056640625, , , , , , , , , , , , , , , , , , , , , , 
42729472, , , , 1, 655083, 0.9995773315429688, , , , , , , , , , , , , , , , , , , , , , 
43253760, , , , 9, 655092, 0.999591064453125, , , , , , , , , , , , , , , , , , , , , , 
43778048, , , , 5, 655097, 0.9995986938476562, , , , , , , , , , , , , , , , , , , , , , 
57409536, , , , 251, 655348, 0.999981689453125, , , , , , , , , , , , , , , , , , , , , , 
57933824, , , , 3, 655351, 0.9999862670898437, , , , , , , , , , , , , , , , , , , , , , 
58458112, , , , 2, 655353, 0.9999893188476563, , , , , , , , , , , , , , , , , , , , , , 
61603840, , , , 2, 655355, 0.9999923706054688, , , , , , , , , , , , , , , , , , , , , , 
65273856, , , , 1, 655356, 0.999993896484375, , , , , , , , , , , , , , , , , , , , , , 
66322432, , , , 2, 655358, 0.9999969482421875, , , , , , , , , , , , , , , , , , , , , , 
66846720, , , , 1, 655359, 0.9999984741210938, , , , , , , , , , , , , , , , , , , , , , 
67633152, , , , 1, 655360, 1.0, , , , , , , , , , , , , , , , , , , , , , 
